-4.0
10.24
-3.6
8.68
-3.82
8.84
-2.1799999999999997
7.5600000000000005
-2.5
7.6
-0.4400000000000004
7.9
-0.7199999999999998
7.779999999999999
0.6600000000000001
8.68
0.3799999999999999
8.9
0.40000000000000036
7.3
0.4800000000000004
7.359999999999999
-0.45999999999999996
8.16
-0.4400000000000004
8.04
-0.5599999999999996
9.7
-0.45999999999999996
9.46
-2.5999999999999996
10.42
-2.12
10.42
-4.1
10.059999999999999
-3.28
9.18
-2.5199999999999996
9.48
-2.7800000000000002
9.02
-3.04
9.74
-2.92
8.1
-2.76
6.92
-2.76
6.92
-1.88
7.6
-2.38
10.2
-1.6600000000000001
10.92
-1.6799999999999997
10.92
-1.6799999999999997
9.9
-1.6799999999999997
9.9
-0.21999999999999975
10.16
-0.21999999999999975
10.16
-1.08
9.7
